0		1919		4843		9135		6384		7959
1919		0		5474		7414		7505		7678
4843		5474		0		12412		2491		4052
9135		7414		12412		0		14721		12936
6384		7505		2491		14721		0		5607
7959		7678		4052		12936		5607		0