0		4470		5171		13778		11332		10399
4470		0		6781		11332		10342		6889
5171		6781		0		10399		6889		8940
13778		11332		10399		0		4470		5171
11332		10342		6889		4470		0		6781
10399		6889		8940		5171		6781		0