0		1292		5797		6919		7936		6732
1292		0		5945		8091		9164		7936
5797		5945		0		10846		8091		6919
6919		8091		10846		0		5945		5797
7936		9164		8091		5945		0		1292
6732		7936		6919		5797		1292		0