0		2109		3655		6149		6273		4386		2193
2109		0		4876		7208		8268		6273		4134
3655		4876		0		9116		7208		6149		4558
6149		7208		9116		0		4876		3655		4558
6273		8268		7208		4876		0		2109		4134
4386		6273		6149		3655		2109		0		2193
2193		4134		4558		4558		4134		2193		0