0		2385		4920		4674		15080		14432		1650		7728		7585
2385		0		7215		3885		16465		16465		3885		7215		9250
4920		7215		0		9102		14800		12136		3330		11544		7585
4674		3885		9102		0		13838		15170		6216		3330		7585
15080		16465		14800		13838		0		6216		15170		12136		7585
14432		16465		12136		15170		6216		0		13838		14800		7585
1650		3885		3330		6216		15170		13838		0		9102		7585
7728		7215		11544		3330		12136		14800		9102		0		7585
7585		9250		7585		7585		7585		7585		7585		7585		0