0		5780		5916		9248		15138		14450		7395
5780		0		10744		8908		20698		13430		11135
5916		10744		0		8636		13746		20066		11049
9248		8908		8636		0		22270		22098		16637
15138		20698		13746		22270		0		21488		11397
14450		13430		20066		22098		21488		0		10795
7395		11135		11049		16637		11397		10795		0