0		5780		5916		7395		9248		15138
5780		0		10744		11135		8908		20698
5916		10744		0		11049		8636		13746
7395		11135		11049		0		16637		11397
9248		8908		8636		16637		0		22270
15138		20698		13746		11397		22270		0