0		3791		5282		8989		6021		8883		2641
3791		0		8883		11178		7582		12596		6298
5282		8883		0		6021		8989		3791		2641
8989		11178		6021		0		14360		7582		7180
6021		7582		8989		14360		0		11178		7180
8883		12596		3791		7582		11178		0		6298
2641		6298		2641		7180		7180		6298		0