0		2553		3003		4797		12197		4797
2553		0		5070		3900		14690		7140
3003		5070		0		5070		9880		5070
4797		3900		5070		0		14690		9360
12197		14690		9880		14690		0		9250
4797		7140		5070		9360		9250		0