0		1580		3239		8668		8916		5084
1580		0		4740		10240		10240		5610
3239		4740		0		6020		7700		6525
8668		10240		6020		0		4480		8630
8916		10240		7700		4480		0		6250
5084		5610		6525		8630		6250		0