0		2130		5197		11636		6377		10826		5413
2130		0		5413		12754		7817		11636		6377
5197		5413		0		7817		4260		6377		2130
11636		12754		7817		0		5413		2130		6377
6377		7817		4260		5413		0		5197		2130
10826		11636		6377		2130		5197		0		5413
5413		6377		2130		6377		2130		5413		0