0		3181		3444		8674		7157		6782		4337
3181		0		5015		7157		6888		4337		3444
3444		5015		0		6782		4337		6362		3181
8674		7157		6782		0		3181		3444		4337
7157		6888		4337		3181		0		5015		3444
6782		4337		6362		3444		5015		0		3181
4337		3444		3181		4337		3444		3181		0