0		1700		2040		7446		3000		4352
1700		0		3400		8840		2950		5916
2040		3400		0		7650		2610		2584
7446		8840		7650		0		10089		6902
3000		2950		2610		10089		0		4888
4352		5916		2584		6902		4888		0