0		2430		3105		5589		6785		7475
2430		0		3375		7533		4465		6475
3105		3375		0		4968		7360		4600
5589		7533		4968		0		11960		8464
6785		4465		7360		11960		0		8280
7475		6475		4600		8464		8280		0