0		1463		3289		6253		3458		3498
1463		0		3498		5740		4655		4235
3289		3498		0		3458		6253		1463
6253		5740		3458		0		9555		4655
3458		4655		6253		9555		0		5740
3498		4235		1463		4655		5740		0