0		2299		2356		4565		4199		2655
2299		0		2793		4774		5852		4774
2356		2793		0		6769		3325		4669
4565		4774		6769		0		8526		4340
4199		5852		3325		8526		0		4774
2655		4774		4669		4340		4774		0