0		1416		3813		11800		11375		5952
1416		0		5103		12744		10971		5832
3813		5103		0		8397		11457		6075
11800		12744		8397		0		11475		9288
11375		10971		11457		11475		0		5553
5952		5832		6075		9288		5553		0