0		3136		3848		5145		7497		7098
3136		0		5448		4459		5243		4046
3848		5448		0		8878		6970		9256
5145		4459		8878		0		9408		5418
7497		5243		6970		9408		0		5586
7098		4046		9256		5418		5586		0