0		1900		2550		7200		5328		4080		3200
1900		0		3200		8450		5408		5920		2600
2550		3200		0		9375		2832		4080		1900
7200		8450		9375		0		12168		7080		10400
5328		5408		2832		12168		0		6144		2912
4080		5920		4080		7080		6144		0		5920
3200		2600		1900		10400		2912		5920		0