0		2184		3816		9834		5616		4134
2184		0		4080		10170		7320		3510
3816		4080		0		6150		9000		1590
9834		10170		6150		0		14250		6840
5616		7320		9000		14250		0		9690
4134		3510		1590		6840		9690		0