0		2847		3861		6669		5655		11271
2847		0		5304		4392		4752		9477
3861		5304		0		6768		9384		14703
6669		4392		6768		0		8424		11385
5655		4752		9384		8424		0		5859
11271		9477		14703		11385		5859		0