0		2384		5371		10874		10542		6453		5437
2384		0		6285		10542		10742		5437		5371
5371		6285		0		6453		5437		4768		2384
10874		10542		6453		0		2384		5371		5437
10542		10742		5437		2384		0		6285		5371
6453		5437		4768		5371		6285		0		2384
5437		5371		2384		5437		5371		2384		0