0		957		1242		12110		8625		4575
957		0		2025		11989		9558		4212
1242		2025		0		13156		8073		4347
12110		11989		13156		0		14365		15985
8625		9558		8073		14365		0		12150
4575		4212		4347		15985		12150		0