0		1767		2257		8066		6771		6469
1767		0		2360		6469		5028		4988
2257		2360		0		6771		6068		5028
8066		6469		6771		0		2257		1767
6771		5028		6068		2257		0		2360
6469		4988		5028		1767		2360		0