0		2783		2926		5291		3059		3772
2783		0		5291		2926		3772		3059
2926		5291		0		8085		2793		6678
5291		2926		8085		0		6678		2793
3059		3772		2793		6678		0		6279
3772		3059		6678		2793		6279		0