0		1319		4548		10611		9958		6455
1319		0		4979		11380		10611		7074
4548		4979		0		6591		5690		2197
10611		11380		6591		0		1319		4394
9958		10611		5690		1319		0		3537
6455		7074		2197		4394		3537		0