0		724		1617		8364		5412		4116
724		0		2033		7912		4816		3608
1617		2033		0		7839		6831		3969
8364		7912		7839		0		9288		4320
5412		4816		6831		9288		0		5832
4116		3608		3969		4320		5832		0