0		2304		3059		6678		7728		7904
2304		0		3473		4626		8448		5632
3059		3473		0		5642		4991		7505
6678		4626		5642		0		9114		2162
7728		8448		4991		9114		0		11264
7904		5632		7505		2162		11264		0