0		1818		4838		6732		12699		4743
1818		0		5644		5250		11475		6375
4838		5644		0		7306		11305		7531
6732		5250		7306		0		6375		11475
12699		11475		11305		6375		0		17340
4743		6375		7531		11475		17340		0