0		2912		3520		4504		4368		6784
2912		0		6042		5688		5824		4444
3520		6042		0		3009		6698		8704
4504		5688		3009		0		8704		6698
4368		5824		6698		8704		0		10268
6784		4444		8704		6698		10268		0