0		2176		3173		8256		7552		3914
2176		0		5253		10048		6144		5082
3173		5253		0		5291		9339		2964
8256		10048		5291		0		11968		5330
7552		6144		9339		11968		0		7002
3914		5082		2964		5330		7002		0