0		1832		6511		13682		7185		13214		6607
1832		0		6607		14370		8143		13682		7185
6511		6607		0		8143		3664		7185		1832
13682		14370		8143		0		6607		1832		7185
7185		8143		3664		6607		0		6511		1832
13214		13682		7185		1832		6511		0		6607
6607		7185		1832		7185		1832		6607		0